" ESTADO || resultado: 270 constantes: (0.6085184 0.2604793 0.13100234)"
" ESTADO || resultado: 250 constantes: (0.600709 0.29693162 0.10235941)"
" ESTADO || resultado: 250 constantes: (0.5782188 0.29769868 0.124082446)"
" ESTADO || resultado: 260 constantes: (0.6801228 0.21519989 0.104677305)"
" ESTADO || resultado: 200 constantes: (0.6720898 0.21265814 0.1152521)"
" ESTADO || resultado: 250 constantes: (0.616412 0.26695842 0.11662962)"
" ESTADO || resultado: 250 constantes: (0.60786647 0.272188 0.11994556)"
" ESTADO || resultado: 250 constantes: (0.62971 0.26298887 0.10730111)"
" ESTADO || resultado: 250 constantes: (0.59275097 0.28548357 0.12176547)"
" ESTADO || resultado: 250 constantes: (0.6354148 0.2624379 0.10214726)"
" ESTADO || resultado: 240 constantes: (0.5112784 0.37603125 0.11269037)"
" ESTADO || resultado: 250 constantes: (0.6173743 0.28517655 0.09744916)"
" ESTADO || resultado: 250 constantes: (0.63586074 0.25986165 0.10427759)"
" ESTADO || resultado: 250 constantes: (0.6045209 0.2892397 0.10623942)"
" ESTADO || resultado: 250 constantes: (0.59801275 0.29399106 0.107996196)"
" ESTADO || resultado: 250 constantes: (0.61240584 0.279969 0.107625134)"
" ESTADO || resultado: 250 constantes: (0.59329987 0.29150972 0.115190424)"
" ESTADO || resultado: 250 constantes: (0.63115466 0.2655045 0.10334086)"
" ESTADO || resultado: 250 constantes: (0.59059924 0.29572052 0.113680296)"
" ESTADO || resultado: 250 constantes: (0.6034725 0.28642187 0.11010573)"
" ESTADO || resultado: 250 constantes: (0.5859086 0.289699 0.12439242)"
" ESTADO || resultado: 250 constantes: (0.5982647 0.2769915 0.12474389)"
" ESTADO || resultado: 250 constantes: (0.59801275 0.29399106 0.107996196)"
" ESTADO || resultado: 250 constantes: (0.6051958 0.2704822 0.12432195)"
" ESTADO || resultado: 250 constantes: (0.6254845 0.25658235 0.11793314)"
" ESTADO || resultado: 250 constantes: (0.63744557 0.2449255 0.11762892)"
" ESTADO || resultado: 250 constantes: (0.6259314 0.26141074 0.112657934)"
" ESTADO || resultado: 200 constantes: (0.6720898 0.21265814 0.1152521)"
" ESTADO || resultado: 250 constantes: (0.6206093 0.2705959 0.10879482)"
" ESTADO || resultado: 250 constantes: (0.62971 0.26298887 0.10730111)"
" ESTADO || resultado: 250 constantes: (0.63333535 0.25980285 0.10686182)"
" ESTADO || resultado: 250 constantes: (0.60664207 0.27519387 0.11816413)"
" ESTADO || resultado: 250 constantes: (0.6131571 0.26271364 0.124129266)"
" ESTADO || resultado: 250 constantes: (0.6270233 0.26427525 0.10870141)"
" ESTADO || resultado: 270 constantes: (0.6324029 0.2445873 0.1230098)"
" ESTADO || resultado: 250 constantes: (0.6162745 0.26705414 0.116671436)"
" ESTADO || resultado: 250 constantes: (0.6390883 0.2530792 0.1078325)"
" ESTADO || resultado: 250 constantes: (0.5872 0.29217485 0.12062517)"
" ESTADO || resultado: 270 constantes: (0.6128736 0.28018287 0.10694345)"
" ESTADO || resultado: 250 constantes: (0.613875 0.2658597 0.120265365)"
" ESTADO || resultado: 250 constantes: (0.6127947 0.27951187 0.10769347)"
" ESTADO || resultado: 250 constantes: (0.6148691 0.2680322 0.11709874)"
" ESTADO || resultado: 250 constantes: (0.6174808 0.27833247 0.10418671)"
" ESTADO || resultado: 250 constantes: (0.58130103 0.2992856 0.11941338)"
" ESTADO || resultado: 250 constantes: (0.6063463 0.27587825 0.117775485)"
" ESTADO || resultado: 250 constantes: (0.61573774 0.27180743 0.11245481)"
" ESTADO || resultado: 250 constantes: (0.6139524 0.2788519 0.10719569)"
" ESTADO || resultado: 250 constantes: (0.6314283 0.26370645 0.1048653)"
" ESTADO || resultado: 250 constantes: (0.6036115 0.29174536 0.10464308)"
" ESTADO || resultado: 250 constantes: (0.6037165 0.28981966 0.10646385)"
" ESTADO || resultado: 250 constantes: (0.62971 0.26298887 0.10730111)"
" ESTADO || resultado: 200 constantes: (0.64231914 0.23404536 0.12363549)"
" ESTADO || resultado: 250 constantes: (0.61573774 0.27180743 0.11245481)"
" ESTADO || resultado: 250 constantes: (0.587868 0.29136962 0.12076239)"
" ESTADO || resultado: 250 constantes: (0.587868 0.29136962 0.12076239)"
" ESTADO || resultado: 250 constantes: (0.59807575 0.28534812 0.116576165)"
" ESTADO || resultado: 310 constantes: (0.7311547 0.2655045 0.0033408552)"
" ESTADO || resultado: 260 constantes: (0.6561093 0.23135518 0.112535544)"
" ESTADO || resultado: 250 constantes: (0.61716783 0.274079 0.10875315)"
" ESTADO || resultado: 250 constantes: (0.6160164 0.27915525 0.10482843)"
" ESTADO || resultado: 250 constantes: (0.58062667 0.30085906 0.118514255)"
" ESTADO || resultado: 250 constantes: (0.6196617 0.27467293 0.10566534)"
" ESTADO || resultado: 250 constantes: (0.5943629 0.28835604 0.11728102)"
" ESTADO || resultado: 250 constantes: (0.62812984 0.26483825 0.10703185)"
" ESTADO || resultado: 250 constantes: (0.61240584 0.279969 0.107625134)"
" ESTADO || resultado: 250 constantes: (0.6277761 0.25655764 0.11566626)"
" ESTADO || resultado: 250 constantes: (0.59613067 0.29849017 0.105379134)"
" ESTADO || resultado: 250 constantes: (0.60573405 0.27478197 0.119484015)"
" ESTADO || resultado: 250 constantes: (0.63161165 0.26378304 0.104605325)"
" ESTADO || resultado: 250 constantes: (0.581448 0.31257764 0.105974376)"
" ESTADO || resultado: 250 constantes: (0.60297984 0.29715675 0.09986343)"
" ESTADO || resultado: 250 constantes: (0.616412 0.26695842 0.11662962)"
" ESTADO || resultado: 250 constantes: (0.595811 0.28695735 0.11723171)"
" ESTADO || resultado: 250 constantes: (0.6378592 0.26067838 0.10146241)"
" ESTADO || resultado: 250 constantes: (0.63880163 0.25592965 0.1052687)"
" ESTADO || resultado: 250 constantes: (0.6217618 0.27497834 0.10325992)"
" ESTADO || resultado: 250 constantes: (0.6227955 0.26251575 0.114688694)"
" ESTADO || resultado: 250 constantes: (0.62462837 0.26086658 0.114505105)"
" ESTADO || resultado: 250 constantes: (0.6342704 0.2656013 0.10012832)"
" ESTADO || resultado: 250 constantes: (0.63333535 0.25980285 0.10686182)"
" ESTADO || resultado: 250 constantes: (0.59272826 0.28359738 0.1236743)"
" ESTADO || resultado: 250 constantes: (0.59832686 0.27954474 0.12212839)"
" ESTADO || resultado: 250 constantes: (0.62386864 0.27018777 0.105943576)"
" ESTADO || resultado: 140 constantes: (0.7333354 0.15980285 0.10686182)"
" ESTADO || resultado: 250 constantes: (0.6051411 0.2748024 0.12005652)"
" ESTADO || resultado: 250 constantes: (0.6106727 0.27119458 0.11813273)"
" ESTADO || resultado: 140 constantes: (0.71869797 0.1685745 0.112727515)"
" ESTADO || resultado: 250 constantes: (0.61797243 0.2663315 0.11569617)"
" ESTADO || resultado: 250 constantes: (0.5591411 0.31126687 0.12959209)"
" ESTADO || resultado: 250 constantes: (0.6253303 0.25651908 0.11815063)"
" ESTADO || resultado: 250 constantes: (0.611377 0.272946 0.11567697)"
" ESTADO || resultado: 250 constantes: (0.5978635 0.2793208 0.12281571)"
" ESTADO || resultado: 250 constantes: (0.6356385 0.27157313 0.092788436)"
" ESTADO || resultado: 250 constantes: (0.62442905 0.26611346 0.10945749)"
" ESTADO || resultado: 250 constantes: (0.6265701 0.26766345 0.105766505)"
" ESTADO || resultado: 250 constantes: (0.5859086 0.289699 0.12439242)"
" ESTADO || resultado: 250 constantes: (0.619539 0.2748165 0.10564442)"
" ESTADO || resultado: 250 constantes: (0.58962244 0.29523143 0.11514617)"
" ESTADO || resultado: 250 constantes: (0.6153869 0.26767182 0.1169413)"
" ESTADO || resultado: 260 constantes: (0.6696665 0.22223441 0.108099036)"
"*************** FIM DA GERACAO 249 | MEDIA: 247.7000 | BEST: 310.0000 *********

RES  ALTURA  PNT-1   OPORT
270 0.60852 0.26048 0.13100
250 0.60071 0.29693 0.10236
250 0.57822 0.29770 0.12408
260 0.68012 0.21520 0.10468
200 0.67209 0.21266 0.11525
250 0.61641 0.26696 0.11663
250 0.60787 0.27219 0.11995
250 0.62971 0.26299 0.10730
250 0.59275 0.28548 0.12177
250 0.63541 0.26244 0.10215
240 0.51128 0.37603 0.11269
250 0.61737 0.28518 0.09745
250 0.63586 0.25986 0.10428
250 0.60452 0.28924 0.10624
250 0.59801 0.29399 0.10800
250 0.61241 0.27997 0.10763
250 0.59330 0.29151 0.11519
250 0.63115 0.26550 0.10334
250 0.59060 0.29572 0.11368
250 0.60347 0.28642 0.11011
250 0.58591 0.28970 0.12439
250 0.59826 0.27699 0.12474
250 0.59801 0.29399 0.10800
250 0.60520 0.27048 0.12432
250 0.62548 0.25658 0.11793
250 0.63745 0.24493 0.11763
250 0.62593 0.26141 0.11266
200 0.67209 0.21266 0.11525
250 0.62061 0.27060 0.10879
250 0.62971 0.26299 0.10730
250 0.63334 0.25980 0.10686
250 0.60664 0.27519 0.11816
250 0.61316 0.26271 0.12413
250 0.62702 0.26428 0.10870
270 0.63240 0.24459 0.12301
250 0.61627 0.26705 0.11667
250 0.63909 0.25308 0.10783
250 0.58720 0.29217 0.12063
270 0.61287 0.28018 0.10694
250 0.61387 0.26586 0.12027
250 0.61279 0.27951 0.10769
250 0.61487 0.26803 0.11710
250 0.61748 0.27833 0.10419
250 0.58130 0.29929 0.11941
250 0.60635 0.27588 0.11778
250 0.61574 0.27181 0.11245
250 0.61395 0.27885 0.10720
250 0.63143 0.26371 0.10487
250 0.60361 0.29175 0.10464
250 0.60372 0.28982 0.10646
250 0.62971 0.26299 0.10730
200 0.64232 0.23405 0.12364
250 0.61574 0.27181 0.11245
250 0.58787 0.29137 0.12076
250 0.58787 0.29137 0.12076
250 0.59808 0.28535 0.11658
310 0.73115 0.26550 0.00334
260 0.65611 0.23136 0.11254
250 0.61717 0.27408 0.10875
250 0.61602 0.27916 0.10483
250 0.58063 0.30086 0.11851
250 0.61966 0.27467 0.10567
250 0.59436 0.28836 0.11728
250 0.62813 0.26484 0.10703
250 0.61241 0.27997 0.10763
250 0.62778 0.25656 0.11567
250 0.59613 0.29849 0.10538
250 0.60573 0.27478 0.11948
250 0.63161 0.26378 0.10461
250 0.58145 0.31258 0.10597
250 0.60298 0.29716 0.09986
250 0.61641 0.26696 0.11663
250 0.59581 0.28696 0.11723
250 0.63786 0.26068 0.10146
250 0.63880 0.25593 0.10527
250 0.62176 0.27498 0.10326
250 0.62280 0.26252 0.11469
250 0.62463 0.26087 0.11451
250 0.63427 0.26560 0.10013
250 0.63334 0.25980 0.10686
250 0.59273 0.28360 0.12367
250 0.59833 0.27954 0.12213
250 0.62387 0.27019 0.10594
140 0.73334 0.15980 0.10686
250 0.60514 0.27480 0.12006
250 0.61067 0.27119 0.11813
140 0.71870 0.16857 0.11273
250 0.61797 0.26633 0.11570
250 0.55914 0.31127 0.12959
250 0.62533 0.25652 0.11815
250 0.61138 0.27295 0.11568
250 0.59786 0.27932 0.12282
250 0.63564 0.27157 0.09279
250 0.62443 0.26611 0.10946
250 0.62657 0.26766 0.10577
250 0.58591 0.28970 0.12439
250 0.61954 0.27482 0.10564
250 0.58962 0.29523 0.11515
250 0.61539 0.26767 0.11694
260 0.66967 0.22223 0.10810