" ESTADO || resultado: 210 constantes: (0.56010896 0.29280666 0.14708443)"
" ESTADO || resultado: 210 constantes: (0.5619844 0.29566136 0.14235413)"
" ESTADO || resultado: 170 constantes: (0.45468527 0.29135674 0.25395802)"
" ESTADO || resultado: 210 constantes: (0.5752258 0.2814719 0.14330234)"
" ESTADO || resultado: 170 constantes: (0.5325649 0.3007295 0.16670555)"
" ESTADO || resultado: 210 constantes: (0.5667522 0.29209387 0.14115395)"
" ESTADO || resultado: 210 constantes: (0.57181394 0.29565823 0.13252781)"
" ESTADO || resultado: 170 constantes: (0.53735274 0.2934044 0.16924278)"
" ESTADO || resultado: 210 constantes: (0.5590772 0.29922953 0.14169322)"
" ESTADO || resultado: 210 constantes: (0.5714365 0.28501213 0.14355138)"
" ESTADO || resultado: 210 constantes: (0.57982695 0.28372335 0.13644978)"
" ESTADO || resultado: 210 constantes: (0.5497874 0.29899025 0.15122238)"
" ESTADO || resultado: 180 constantes: (0.56343853 0.28560227 0.15095922)"
" ESTADO || resultado: 210 constantes: (0.5551403 0.3019013 0.14295839)"
" ESTADO || resultado: 210 constantes: (0.5640537 0.2969055 0.13904084)"
" ESTADO || resultado: 210 constantes: (0.5663904 0.29391438 0.13969529)"
" ESTADO || resultado: 210 constantes: (0.54819155 0.301025 0.15078343)"
" ESTADO || resultado: 210 constantes: (0.550843 0.2982892 0.1508678)"
" ESTADO || resultado: 210 constantes: (0.56605446 0.28981397 0.14413159)"
" ESTADO || resultado: 210 constantes: (0.56117326 0.3032761 0.13555068)"
" ESTADO || resultado: 210 constantes: (0.5563033 0.302048 0.1416487)"
" ESTADO || resultado: 210 constantes: (0.5547393 0.30511048 0.14015017)"
" ESTADO || resultado: 210 constantes: (0.5497874 0.29899025 0.15122238)"
" ESTADO || resultado: 210 constantes: (0.5552771 0.29728445 0.14743835)"
" ESTADO || resultado: 170 constantes: (0.5456872 0.282445 0.17186777)"
" ESTADO || resultado: 210 constantes: (0.5533393 0.29904234 0.14761838)"
" ESTADO || resultado: 210 constantes: (0.5640083 0.29552904 0.14046271)"
" ESTADO || resultado: 210 constantes: (0.5785852 0.28154352 0.13987125)"
" ESTADO || resultado: 170 constantes: (0.45431647 0.30124858 0.24443488)"
" ESTADO || resultado: 210 constantes: (0.5551403 0.3019013 0.14295837)"
" ESTADO || resultado: 170 constantes: (0.5432513 0.28669807 0.17005065)"
" ESTADO || resultado: 210 constantes: (0.5464833 0.30118454 0.15233219)"
" ESTADO || resultado: 210 constantes: (0.5565448 0.29897568 0.14447959)"
" ESTADO || resultado: 170 constantes: (0.5531364 0.28038022 0.16648339)"
" ESTADO || resultado: 200 constantes: (0.55988884 0.2897127 0.15039843)"
" ESTADO || resultado: 220 constantes: (0.5646477 0.30348885 0.13186355)"
" ESTADO || resultado: 210 constantes: (0.5575632 0.30134484 0.141092)"
" ESTADO || resultado: 210 constantes: (0.5722431 0.28631482 0.14144213)"
" ESTADO || resultado: 210 constantes: (0.56769264 0.28775865 0.1445487)"
" ESTADO || resultado: 170 constantes: (0.54641885 0.29077512 0.16280603)"
" ESTADO || resultado: 170 constantes: (0.54703486 0.2863005 0.1666646)"
" ESTADO || resultado: 180 constantes: (0.5663996 0.2851528 0.14844762)"
" ESTADO || resultado: 210 constantes: (0.5543868 0.29593575 0.14967749)"
" ESTADO || resultado: 210 constantes: (0.55717003 0.29601908 0.14681078)"
" ESTADO || resultado: 210 constantes: (0.55960643 0.29995316 0.1404404)"
" ESTADO || resultado: 210 constantes: (0.5464833 0.30118454 0.15233219)"
" ESTADO || resultado: 170 constantes: (0.5415821 0.28888977 0.16952816)"
" ESTADO || resultado: 170 constantes: (0.53579706 0.2964857 0.1677173)"
" ESTADO || resultado: 210 constantes: (0.5576536 0.29474267 0.14760368)"
" ESTADO || resultado: 210 constantes: (0.5702354 0.28922766 0.14053696)"
" ESTADO || resultado: 210 constantes: (0.5610466 0.2918978 0.14705563)"
" ESTADO || resultado: 210 constantes: (0.6565752 0.29708016 0.04634462)"
" ESTADO || resultado: 210 constantes: (0.5497874 0.29899025 0.15122238)"
" ESTADO || resultado: 170 constantes: (0.55785483 0.28277194 0.15937331)"
" ESTADO || resultado: 170 constantes: (0.54564124 0.28356 0.17079876)"
" ESTADO || resultado: 180 constantes: (0.56691784 0.2842098 0.14887244)"
" ESTADO || resultado: 210 constantes: (0.5655132 0.29242343 0.14206338)"
" ESTADO || resultado: 210 constantes: (0.5718622 0.29598778 0.13214993)"
" ESTADO || resultado: 200 constantes: (0.5593192 0.29150018 0.14918067)"
" ESTADO || resultado: 210 constantes: (0.5491991 0.2997403 0.15106055)"
" ESTADO || resultado: 210 constantes: (0.56110454 0.2923371 0.14655836)"
" ESTADO || resultado: 210 constantes: (0.57860684 0.28821826 0.13317491)"
" ESTADO || resultado: 210 constantes: (0.5497874 0.29899025 0.15122238)"
" ESTADO || resultado: 210 constantes: (0.5547393 0.30511048 0.14015017)"
" ESTADO || resultado: 210 constantes: (0.5513191 0.31089053 0.13779029)"
" ESTADO || resultado: 170 constantes: (0.57684696 0.27137896 0.15177405)"
" ESTADO || resultado: 210 constantes: (0.5650826 0.29622325 0.13869405)"
" ESTADO || resultado: 180 constantes: (0.56572396 0.28445172 0.14982435)"
" ESTADO || resultado: 210 constantes: (0.5606381 0.29621592 0.14314593)"
" ESTADO || resultado: 170 constantes: (0.5645554 0.27687493 0.15856971)"
" ESTADO || resultado: 220 constantes: (0.5618024 0.30552432 0.13267334)"
" ESTADO || resultado: 210 constantes: (0.56769264 0.28775865 0.1445487)"
" ESTADO || resultado: 210 constantes: (0.5547393 0.30511048 0.14015017)"
" ESTADO || resultado: 210 constantes: (0.5660624 0.28940678 0.14453089)"
" ESTADO || resultado: 210 constantes: (0.55531675 0.29914033 0.14554292)"
" ESTADO || resultado: 170 constantes: (0.55385923 0.28468668 0.16145408)"
" ESTADO || resultado: 220 constantes: (0.44525856 0.40435323 0.15038824)"
" ESTADO || resultado: 170 constantes: (0.5591685 0.2875885 0.153243)"
" ESTADO || resultado: 210 constantes: (0.557889 0.29844478 0.14366622)"
" ESTADO || resultado: 170 constantes: (0.561192 0.27307987 0.16572808)"
" ESTADO || resultado: 210 constantes: (0.56132233 0.29766703 0.14101058)"
" ESTADO || resultado: 210 constantes: (0.56731904 0.2936363 0.13904466)"
" ESTADO || resultado: 210 constantes: (0.5517347 0.29965246 0.14861277)"
" ESTADO || resultado: 210 constantes: (0.5497874 0.29899025 0.15122238)"
" ESTADO || resultado: 200 constantes: (0.5515826 0.29659706 0.15182038)"
" ESTADO || resultado: 170 constantes: (0.54032326 0.2905427 0.16913411)"
" ESTADO || resultado: 200 constantes: (0.54779625 0.2979074 0.15429635)"
" ESTADO || resultado: 210 constantes: (0.569494 0.2928324 0.13767351)"
" ESTADO || resultado: 210 constantes: (0.56731904 0.2936363 0.13904466)"
" ESTADO || resultado: 180 constantes: (0.581561 0.27359673 0.14484222)"
" ESTADO || resultado: 210 constantes: (0.55802774 0.3010284 0.14094384)"
" ESTADO || resultado: 200 constantes: (0.557945 0.2910731 0.15098192)"
" ESTADO || resultado: 210 constantes: (0.5744921 0.28427812 0.14122981)"
" ESTADO || resultado: 210 constantes: (0.5497874 0.29899025 0.15122238)"
" ESTADO || resultado: 210 constantes: (0.56094176 0.29622847 0.14282976)"
" ESTADO || resultado: 210 constantes: (0.57017595 0.29685268 0.13297129)"
" ESTADO || resultado: 210 constantes: (0.55792826 0.30000928 0.14206244)"
" ESTADO || resultado: 210 constantes: (0.55324286 0.30428743 0.14246975)"
" ESTADO || resultado: 170 constantes: (0.57475024 0.27039257 0.15485719)"
" ESTADO || resultado: 200 constantes: (0.5738452 0.28079635 0.14535853)"
"*************** FIM DA GERACAO 61 | MEDIA: 200.2000 | BEST: 220.0000 **********

RES  ALTURA  PNT-1   OPORT
210 0.56011 0.29281 0.14708
210 0.56198 0.29566 0.14235
170 0.45469 0.29136 0.25396
210 0.57523 0.28147 0.14330
170 0.53256 0.30073 0.16671
210 0.56675 0.29209 0.14115
210 0.57181 0.29566 0.13253
170 0.53735 0.29340 0.16924
210 0.55908 0.29923 0.14169
210 0.57144 0.28501 0.14355
210 0.57983 0.28372 0.13645
210 0.54979 0.29899 0.15122
180 0.56344 0.28560 0.15096
210 0.55514 0.30190 0.14296
210 0.56405 0.29691 0.13904
210 0.56639 0.29391 0.13970
210 0.54819 0.30102 0.15078
210 0.55084 0.29829 0.15087
210 0.56605 0.28981 0.14413
210 0.56117 0.30328 0.13555
210 0.55630 0.30205 0.14165
210 0.55474 0.30511 0.14015
210 0.54979 0.29899 0.15122
210 0.55528 0.29728 0.14744
170 0.54569 0.28245 0.17187
210 0.55334 0.29904 0.14762
210 0.56401 0.29553 0.14046
210 0.57859 0.28154 0.13987
170 0.45432 0.30125 0.24443
210 0.55514 0.30190 0.14296
170 0.54325 0.28670 0.17005
210 0.54648 0.30118 0.15233
210 0.55654 0.29898 0.14448
170 0.55314 0.28038 0.16648
200 0.55989 0.28971 0.15040
220 0.56465 0.30349 0.13186
210 0.55756 0.30134 0.14109
210 0.57224 0.28631 0.14144
210 0.56769 0.28776 0.14455
170 0.54642 0.29078 0.16281
170 0.54703 0.28630 0.16666
180 0.56640 0.28515 0.14845
210 0.55439 0.29594 0.14968
210 0.55717 0.29602 0.14681
210 0.55961 0.29995 0.14044
210 0.54648 0.30118 0.15233
170 0.54158 0.28889 0.16953
170 0.53580 0.29649 0.16772
210 0.55765 0.29474 0.14760
210 0.57024 0.28923 0.14054
210 0.56105 0.29190 0.14706
210 0.65658 0.29708 0.04634
210 0.54979 0.29899 0.15122
170 0.55785 0.28277 0.15937
170 0.54564 0.28356 0.17080
180 0.56692 0.28421 0.14887
210 0.56551 0.29242 0.14206
210 0.57186 0.29599 0.13215
200 0.55932 0.29150 0.14918
210 0.54920 0.29974 0.15106
210 0.56110 0.29234 0.14656
210 0.57861 0.28822 0.13317
210 0.54979 0.29899 0.15122
210 0.55474 0.30511 0.14015
210 0.55132 0.31089 0.13779
170 0.57685 0.27138 0.15177
210 0.56508 0.29622 0.13869
180 0.56572 0.28445 0.14982
210 0.56064 0.29622 0.14315
170 0.56456 0.27687 0.15857
220 0.56180 0.30552 0.13267
210 0.56769 0.28776 0.14455
210 0.55474 0.30511 0.14015
210 0.56606 0.28941 0.14453
210 0.55532 0.29914 0.14554
170 0.55386 0.28469 0.16145
220 0.44526 0.40435 0.15039
170 0.55917 0.28759 0.15324
210 0.55789 0.29844 0.14367
170 0.56119 0.27308 0.16573
210 0.56132 0.29767 0.14101
210 0.56732 0.29364 0.13904
210 0.55173 0.29965 0.14861
210 0.54979 0.29899 0.15122
200 0.55158 0.29660 0.15182
170 0.54032 0.29054 0.16913
200 0.54780 0.29791 0.15430
210 0.56949 0.29283 0.13767
210 0.56732 0.29364 0.13904
180 0.58156 0.27360 0.14484
210 0.55803 0.30103 0.14094
200 0.55795 0.29107 0.15098
210 0.57449 0.28428 0.14123
210 0.54979 0.29899 0.15122
210 0.56094 0.29623 0.14283
210 0.57018 0.29685 0.13297
210 0.55793 0.30001 0.14206
210 0.55324 0.30429 0.14247
170 0.57475 0.27039 0.15486
200 0.57385 0.28080 0.14536