" ESTADO || resultado: 180 constantes: (0.29070342 0.40541607 0.30388042)"
" ESTADO || resultado: 180 constantes: (0.29569313 0.3952106 0.3090963)"
" ESTADO || resultado: 200 constantes: (0.35292712 0.39388862 0.25318423)"
" ESTADO || resultado: 180 constantes: (0.37567478 0.3710665 0.25325865)"
" ESTADO || resultado: 180 constantes: (0.34635958 0.38597003 0.26767045)"
" ESTADO || resultado: 300 constantes: (0.39357558 0.39486197 0.21156245)"
" ESTADO || resultado: 300 constantes: (0.3983814 0.390893 0.2107256)"
" ESTADO || resultado: 200 constantes: (0.33077127 0.41237468 0.256854)"
" ESTADO || resultado: 300 constantes: (0.32466757 0.43776852 0.23756394)"
" ESTADO || resultado: 300 constantes: (0.3990633 0.38985044 0.21108629)"
" ESTADO || resultado: 180 constantes: (0.35913596 0.36331987 0.2775442)"
" ESTADO || resultado: 300 constantes: (0.3990633 0.38985044 0.21108629)"
" ESTADO || resultado: 300 constantes: (0.39271885 0.39213997 0.2151411)"
" ESTADO || resultado: 200 constantes: (0.33256274 0.40114644 0.2662908)"
" ESTADO || resultado: 180 constantes: (0.38291228 0.34984052 0.26724717)"
" ESTADO || resultado: 180 constantes: (0.35913596 0.36331987 0.2775442)"
" ESTADO || resultado: 300 constantes: (0.32466757 0.43776852 0.23756394)"
" ESTADO || resultado: 300 constantes: (0.39342877 0.39495757 0.21161367)"
" ESTADO || resultado: 200 constantes: (0.37839517 0.3820058 0.23959905)"
" ESTADO || resultado: 200 constantes: (0.26540503 0.4514436 0.28315136)"
" ESTADO || resultado: 180 constantes: (0.36287242 0.36709988 0.27002764)"
" ESTADO || resultado: 200 constantes: (0.38374084 0.3748817 0.24137743)"
" ESTADO || resultado: 180 constantes: (0.37401947 0.3548821 0.2710985)"
" ESTADO || resultado: 320 constantes: (0.40221506 0.46917993 0.12860504)"
" ESTADO || resultado: 180 constantes: (0.31812748 0.39608872 0.2857838)"
" ESTADO || resultado: 300 constantes: (0.39139417 0.39299545 0.21561044)"
" ESTADO || resultado: 200 constantes: (0.32736886 0.4081329 0.26449817)"
" ESTADO || resultado: 300 constantes: (0.36282703 0.414317 0.22285594)"
" ESTADO || resultado: 200 constantes: (0.34877703 0.40020755 0.25101542)"
" ESTADO || resultado: 300 constantes: (0.3440883 0.42708468 0.22882701)"
" ESTADO || resultado: 180 constantes: (0.35913596 0.36331987 0.2775442)"
" ESTADO || resultado: 180 constantes: (0.3157235 0.38793132 0.29634514)"
" ESTADO || resultado: 300 constantes: (0.38750076 0.3982731 0.21422613)"
" ESTADO || resultado: 290 constantes: (0.3222708 0.42747608 0.25025314)"
" ESTADO || resultado: 300 constantes: (0.39186257 0.39338526 0.21475211)"
" ESTADO || resultado: 180 constantes: (0.35913596 0.36331987 0.2775442)"
" ESTADO || resultado: 200 constantes: (0.3317844 0.40254802 0.26566756)"
" ESTADO || resultado: 300 constantes: (0.39139417 0.39299545 0.21561044)"
" ESTADO || resultado: 200 constantes: (0.37235564 0.37810698 0.24953733)"
" ESTADO || resultado: 300 constantes: (0.39310578 0.39462847 0.21226572)"
" ESTADO || resultado: 300 constantes: (0.39195597 0.39212412 0.21591993)"
" ESTADO || resultado: 300 constantes: (0.3788233 0.42079645 0.20038027)"
" ESTADO || resultado: 320 constantes: (0.4304255 0.42877015 0.14080438)"
" ESTADO || resultado: 200 constantes: (0.33839336 0.39883387 0.2627728)"
" ESTADO || resultado: 300 constantes: (0.16458409 0.5332143 0.30220163)"
" ESTADO || resultado: 180 constantes: (0.35913596 0.36331987 0.2775442)"
" ESTADO || resultado: 180 constantes: (0.35913596 0.36331987 0.2775442)"
" ESTADO || resultado: 180 constantes: (0.38291228 0.34984052 0.26724717)"
" ESTADO || resultado: 180 constantes: (0.38923016 0.35561275 0.25515708)"
" ESTADO || resultado: 200 constantes: (0.34877703 0.40020755 0.25101542)"
" ESTADO || resultado: 300 constantes: (0.3631025 0.41664544 0.22025205)"
" ESTADO || resultado: 180 constantes: (0.29466477 0.39731395 0.3080213)"
" ESTADO || resultado: 300 constantes: (0.3865364 0.39728191 0.21618167)"
" ESTADO || resultado: 180 constantes: (0.29105374 0.3984311 0.31051508)"
" ESTADO || resultado: 200 constantes: (0.37661237 0.3831014 0.24028623)"
" ESTADO || resultado: 300 constantes: (0.39342877 0.39495757 0.21161367)"
" ESTADO || resultado: 200 constantes: (0.33077127 0.41237468 0.256854)"
" ESTADO || resultado: 320 constantes: (0.45978102 0.41185528 0.12836373)"
" ESTADO || resultado: 300 constantes: (0.39682734 0.39274463 0.210428)"
" ESTADO || resultado: 290 constantes: (0.38239437 0.38684922 0.23075634)"
" ESTADO || resultado: 200 constantes: (0.33839336 0.39883387 0.2627728)"
" ESTADO || resultado: 200 constantes: (0.3317844 0.40254802 0.26566756)"
" ESTADO || resultado: 300 constantes: (0.36319113 0.44636476 0.19044407)"
" ESTADO || resultado: 200 constantes: (0.37273607 0.374261 0.25300294)"
" ESTADO || resultado: 300 constantes: (0.39363638 0.39516598 0.21119767)"
" ESTADO || resultado: 300 constantes: (0.3950834 0.39362106 0.2112956)"
" ESTADO || resultado: 200 constantes: (0.3765223 0.37775296 0.24572477)"
" ESTADO || resultado: 300 constantes: (0.38851574 0.3993163 0.21216795)"
" ESTADO || resultado: 180 constantes: (0.3584829 0.35987592 0.28164116)"
" ESTADO || resultado: 300 constantes: (0.38750076 0.3982731 0.21422613)"
" ESTADO || resultado: 180 constantes: (0.36345252 0.36768675 0.2688607)"
" ESTADO || resultado: 300 constantes: (0.3800109 0.40326807 0.21672103)"
" ESTADO || resultado: 300 constantes: (0.39139417 0.39299545 0.21561044)"
" ESTADO || resultado: 200 constantes: (0.33751974 0.40712568 0.25535458)"
" ESTADO || resultado: 200 constantes: (0.33671802 0.4085339 0.25474802)"
" ESTADO || resultado: 300 constantes: (0.34927547 0.41683838 0.23388621)"
" ESTADO || resultado: 320 constantes: (0.39673635 0.47347996 0.1297837)"
" ESTADO || resultado: 300 constantes: (0.39342877 0.39495757 0.21161367)"
" ESTADO || resultado: 300 constantes: (0.3893394 0.3961822 0.21447851)"
" ESTADO || resultado: 180 constantes: (0.35713342 0.361294 0.28157252)"
" ESTADO || resultado: 180 constantes: (0.3455795 0.38735285 0.2670676)"
" ESTADO || resultado: 200 constantes: (0.370318 0.38800627 0.24167573)"
" ESTADO || resultado: 180 constantes: (0.29569313 0.3952106 0.3090963)"
" ESTADO || resultado: 300 constantes: (0.39203367 0.39441082 0.21355553)"
" ESTADO || resultado: 200 constantes: (0.26540503 0.4514436 0.28315136)"
" ESTADO || resultado: 300 constantes: (0.3932717 0.39479992 0.21192841)"
" ESTADO || resultado: 320 constantes: (0.3934963 0.47602296 0.13048075)"
" ESTADO || resultado: 320 constantes: (0.4329432 0.42542887 0.141628)"
" ESTADO || resultado: 180 constantes: (0.2623535 0.43544486 0.30220166)"
" ESTADO || resultado: 300 constantes: (0.39512107 0.39356327 0.21131575)"
" ESTADO || resultado: 180 constantes: (0.31302947 0.40576643 0.2812041)"
" ESTADO || resultado: 300 constantes: (0.39139417 0.39299545 0.21561044)"
" ESTADO || resultado: 300 constantes: (0.3964249 0.39156207 0.21201305)"
" ESTADO || resultado: 200 constantes: (0.26890382 0.444212 0.2868841)"
" ESTADO || resultado: 180 constantes: (0.3184071 0.39555794 0.28603497)"
" ESTADO || resultado: 300 constantes: (0.39139417 0.39299545 0.21561044)"
" ESTADO || resultado: 180 constantes: (0.36555964 0.3670552 0.26738513)"
" ESTADO || resultado: 300 constantes: (0.3964249 0.39156207 0.21201305)"
" ESTADO || resultado: 300 constantes: (0.3631025 0.41664544 0.22025205)"
" ESTADO || resultado: 300 constantes: (0.39139417 0.39299545 0.21561044)"
"*************** FIM DA GERACAO 97 | MEDIA: 244.4000 | BEST: 320.0000 **********

RES  ALTURA  PNT-1   OPORT
180 0.29070 0.40542 0.30388
180 0.29569 0.39521 0.30910
200 0.35293 0.39389 0.25318
180 0.37567 0.37107 0.25326
180 0.34636 0.38597 0.26767
300 0.39358 0.39486 0.21156
300 0.39838 0.39089 0.21073
200 0.33077 0.41237 0.25685
300 0.32467 0.43777 0.23756
300 0.39906 0.38985 0.21109
180 0.35914 0.36332 0.27754
300 0.39906 0.38985 0.21109
300 0.39272 0.39214 0.21514
200 0.33256 0.40115 0.26629
180 0.38291 0.34984 0.26725
180 0.35914 0.36332 0.27754
300 0.32467 0.43777 0.23756
300 0.39343 0.39496 0.21161
200 0.37840 0.38201 0.23960
200 0.26541 0.45144 0.28315
180 0.36287 0.36710 0.27003
200 0.38374 0.37488 0.24138
180 0.37402 0.35488 0.27110
320 0.40222 0.46918 0.12861
180 0.31813 0.39609 0.28578
300 0.39139 0.39300 0.21561
200 0.32737 0.40813 0.26450
300 0.36283 0.41432 0.22286
200 0.34878 0.40021 0.25102
300 0.34409 0.42708 0.22883
180 0.35914 0.36332 0.27754
180 0.31572 0.38793 0.29635
300 0.38750 0.39827 0.21423
290 0.32227 0.42748 0.25025
300 0.39186 0.39339 0.21475
180 0.35914 0.36332 0.27754
200 0.33178 0.40255 0.26567
300 0.39139 0.39300 0.21561
200 0.37236 0.37811 0.24954
300 0.39311 0.39463 0.21227
300 0.39196 0.39212 0.21592
300 0.37882 0.42080 0.20038
320 0.43043 0.42877 0.14080
200 0.33839 0.39883 0.26277
300 0.16458 0.53321 0.30220
180 0.35914 0.36332 0.27754
180 0.35914 0.36332 0.27754
180 0.38291 0.34984 0.26725
180 0.38923 0.35561 0.25516
200 0.34878 0.40021 0.25102
300 0.36310 0.41665 0.22025
180 0.29466 0.39731 0.30802
300 0.38654 0.39728 0.21618
180 0.29105 0.39843 0.31052
200 0.37661 0.38310 0.24029
300 0.39343 0.39496 0.21161
200 0.33077 0.41237 0.25685
320 0.45978 0.41186 0.12836
300 0.39683 0.39274 0.21043
290 0.38239 0.38685 0.23076
200 0.33839 0.39883 0.26277
200 0.33178 0.40255 0.26567
300 0.36319 0.44636 0.19044
200 0.37274 0.37426 0.25300
300 0.39364 0.39517 0.21120
300 0.39508 0.39362 0.21130
200 0.37652 0.37775 0.24572
300 0.38852 0.39932 0.21217
180 0.35848 0.35988 0.28164
300 0.38750 0.39827 0.21423
180 0.36345 0.36769 0.26886
300 0.38001 0.40327 0.21672
300 0.39139 0.39300 0.21561
200 0.33752 0.40713 0.25535
200 0.33672 0.40853 0.25475
300 0.34928 0.41684 0.23389
320 0.39674 0.47348 0.12978
300 0.39343 0.39496 0.21161
300 0.38934 0.39618 0.21448
180 0.35713 0.36129 0.28157
180 0.34558 0.38735 0.26707
200 0.37032 0.38801 0.24168
180 0.29569 0.39521 0.30910
300 0.39203 0.39441 0.21356
200 0.26541 0.45144 0.28315
300 0.39327 0.39480 0.21193
320 0.39350 0.47602 0.13048
320 0.43294 0.42543 0.14163
180 0.26235 0.43544 0.30220
300 0.39512 0.39356 0.21132
180 0.31303 0.40577 0.28120
300 0.39139 0.39300 0.21561
300 0.39642 0.39156 0.21201
200 0.26890 0.44421 0.28688
180 0.31841 0.39556 0.28603
300 0.39139 0.39300 0.21561
180 0.36556 0.36706 0.26739
300 0.39642 0.39156 0.21201
300 0.36310 0.41665 0.22025
300 0.39139 0.39300 0.21561