" ESTADO || resultado: 340 constantes: (0.178558 0.48984858 0.3315934)" 
" ESTADO || resultado: 330 constantes: (0.19740945 0.57992065 0.22266984)" 
" ESTADO || resultado: 370 constantes: (0.2150995 0.6157701 0.16913041)" 
" ESTADO || resultado: 340 constantes: (0.18040179 0.599907 0.21969134)" 
" ESTADO || resultado: 370 constantes: (0.24066947 0.5866102 0.17272039)" 
" ESTADO || resultado: 330 constantes: (0.19862144 0.5639027 0.23747586)" 
" ESTADO || resultado: 330 constantes: (0.20092277 0.5615974 0.23747973)" 
" ESTADO || resultado: 310 constantes: (0.2211025 0.51690096 0.26199654)" 
" ESTADO || resultado: 330 constantes: (0.23135036 0.5376458 0.23100387)" 
" ESTADO || resultado: 330 constantes: (0.22462292 0.5220116 0.25336552)" 
" ESTADO || resultado: 390 constantes: (0.21838875 0.6139513 0.16765997)" 
" ESTADO || resultado: 310 constantes: (0.2261351 0.50591314 0.26795176)" 
" ESTADO || resultado: 370 constantes: (0.22857305 0.5917024 0.17972454)" 
" ESTADO || resultado: 390 constantes: (0.19779833 0.6308023 0.17139941)" 
" ESTADO || resultado: 330 constantes: (0.30578604 0.49305433 0.2011596)" 
" ESTADO || resultado: 270 constantes: (0.19887063 0.5326744 0.26845503)" 
" ESTADO || resultado: 310 constantes: (0.2181149 0.51888365 0.26300147)" 
" ESTADO || resultado: 390 constantes: (0.19779833 0.6308023 0.17139941)" 
" ESTADO || resultado: 370 constantes: (0.15535381 0.65073496 0.19391118)" 
" ESTADO || resultado: 330 constantes: (0.19338778 0.5711066 0.23550554)" 
" ESTADO || resultado: 340 constantes: (0.3159443 0.5094337 0.174622)" 
" ESTADO || resultado: 330 constantes: (0.22462292 0.5220116 0.25336552)" 
" ESTADO || resultado: 370 constantes: (0.2466997 0.5733169 0.17998342)" 
" ESTADO || resultado: 330 constantes: (0.10106712 0.64373887 0.25519404)" 
" ESTADO || resultado: 330 constantes: (0.3047644 0.491407 0.20382859)" 
" ESTADO || resultado: 340 constantes: (0.17859992 0.4898236 0.3315765)" 
" ESTADO || resultado: 330 constantes: (0.23176129 0.53860074 0.22963795)" 
" ESTADO || resultado: 340 constantes: (0.12462292 0.5220116 0.3533655)" 
" ESTADO || resultado: 330 constantes: (0.21099307 0.5510153 0.2379916)" 
" ESTADO || resultado: 330 constantes: (0.21916333 0.5341909 0.24664587)" 
" ESTADO || resultado: 400 constantes: (0.22159398 0.61937547 0.15903056)" 
" ESTADO || resultado: 330 constantes: (0.10106712 0.64373887 0.25519404)" 
" ESTADO || resultado: 350 constantes: (0.23325397 0.6654544 0.10129167)" 
" ESTADO || resultado: 330 constantes: (0.026115268 0.7058183 0.26806644)" 
" ESTADO || resultado: 370 constantes: (0.21916345 0.6125818 0.1682547)" 
" ESTADO || resultado: 330 constantes: (0.10331191 0.63582593 0.2608621)" 
" ESTADO || resultado: 310 constantes: (0.2182215 0.5188129 0.26296562)" 
" ESTADO || resultado: 330 constantes: (0.22462292 0.5220116 0.25336552)" 
" ESTADO || resultado: 330 constantes: (0.21307482 0.5515824 0.23534279)" 
" ESTADO || resultado: 330 constantes: (0.19366528 0.5673683 0.23896639)" 
" ESTADO || resultado: 330 constantes: (0.22462292 0.5220116 0.25336552)" 
" ESTADO || resultado: 330 constantes: (0.1910903 0.5504493 0.25846043)" 
" ESTADO || resultado: 330 constantes: (0.21758462 0.5646242 0.21779121)" 
" ESTADO || resultado: 330 constantes: (0.20772737 0.5616443 0.23062828)" 
" ESTADO || resultado: 310 constantes: (0.20778395 0.52258384 0.26963225)" 
" ESTADO || resultado: 340 constantes: (0.21232018 0.57515806 0.21252178)" 
" ESTADO || resultado: 310 constantes: (0.22679575 0.5075761 0.26562813)" 
" ESTADO || resultado: 370 constantes: (0.17610861 0.6220744 0.201817)" 
" ESTADO || resultado: 330 constantes: (0.1982083 0.5397948 0.26199687)" 
" ESTADO || resultado: 330 constantes: (0.18794738 0.55306333 0.25898924)" 
" ESTADO || resultado: 370 constantes: (0.17525809 0.62316275 0.20157917)" 
" ESTADO || resultado: 330 constantes: (0.13461395 0.62311846 0.24226755)" 
" ESTADO || resultado: 330 constantes: (0.22812738 0.5325348 0.2393379)" 
" ESTADO || resultado: 330 constantes: (0.20997675 0.5378219 0.2522014)" 
" ESTADO || resultado: 370 constantes: (0.23696458 0.58111453 0.18192089)" 
" ESTADO || resultado: 370 constantes: (0.24013901 0.59287626 0.16698474)" 
" ESTADO || resultado: 330 constantes: (0.19033633 0.5770002 0.23266347)" 
" ESTADO || resultado: 330 constantes: (0.19629046 0.5787085 0.22500102)" 
" ESTADO || resultado: 340 constantes: (0.16213861 0.44039786 0.39746347)" 
" ESTADO || resultado: 400 constantes: (0.2203041 0.6215911 0.15810485)" 
" ESTADO || resultado: 340 constantes: (0.19297032 0.5964062 0.2106235)" 
" ESTADO || resultado: 330 constantes: (0.19640832 0.5626823 0.2409094)" 
" ESTADO || resultado: 310 constantes: (0.11109912 0.57388175 0.31501907)" 
" ESTADO || resultado: 330 constantes: (0.2234843 0.5193655 0.2571503)" 
" ESTADO || resultado: 370 constantes: (0.21755059 0.5964491 0.18600036)" 
" ESTADO || resultado: 400 constantes: (0.20235243 0.6359025 0.16174504)" 
" ESTADO || resultado: 330 constantes: (0.22524661 0.5215917 0.2531617)" 
" ESTADO || resultado: 370 constantes: (0.22215949 0.60315883 0.1746816)" 
" ESTADO || resultado: 310 constantes: (0.19478531 0.5343659 0.2708488)" 
" ESTADO || resultado: 330 constantes: (0.19322395 0.56056994 0.2462061)" 
" ESTADO || resultado: 400 constantes: (0.19565573 0.64145845 0.16288583)" 
" ESTADO || resultado: 340 constantes: (0.17859992 0.4898236 0.3315765)" 
" ESTADO || resultado: 340 constantes: (0.2084928 0.5843454 0.2071618)" 
" ESTADO || resultado: 370 constantes: (0.2155733 0.6154947 0.16893196)" 
" ESTADO || resultado: 330 constantes: (0.2904376 0.47465843 0.23490389)" 
" ESTADO || resultado: 310 constantes: (0.17976269 0.54494643 0.27529082)" 
" ESTADO || resultado: 260 constantes: (0.11650368 0.55315274 0.3303436)" 
" ESTADO || resultado: 330 constantes: (0.2154555 0.5590992 0.22544526)" 
" ESTADO || resultado: 340 constantes: (0.17613968 0.6085505 0.21530975)" 
" ESTADO || resultado: 340 constantes: (0.12462292 0.5220116 0.3533655)" 
" ESTADO || resultado: 340 constantes: (0.12462292 0.5220116 0.3533655)" 
" ESTADO || resultado: 330 constantes: (0.17478275 0.56924796 0.25596926)" 
" ESTADO || resultado: 370 constantes: (0.21899858 0.612121 0.1688804)" 
" ESTADO || resultado: 280 constantes: (0.12310207 0.5278447 0.34905317)" 
" ESTADO || resultado: 330 constantes: (0.20251855 0.555581 0.24190052)" 
" ESTADO || resultado: 330 constantes: (0.19033633 0.5770002 0.23266347)" 
" ESTADO || resultado: 360 constantes: (0.18562143 0.65567684 0.15870172)" 
" ESTADO || resultado: 330 constantes: (0.19415207 0.54836583 0.25748214)" 
" ESTADO || resultado: 330 constantes: (0.10407772 0.6331265 0.2627958)" 
" ESTADO || resultado: 330 constantes: (0.23198454 0.5306529 0.23736258)" 
" ESTADO || resultado: 370 constantes: (0.2226297 0.60986257 0.16750783)" 
" ESTADO || resultado: 260 constantes: (0.21217366 0.49634293 0.29148343)" 
" ESTADO || resultado: 370 constantes: (0.28050774 0.56445605 0.15503626)" 
" ESTADO || resultado: 370 constantes: (0.20275812 0.61465657 0.18258533)" 
" ESTADO || resultado: 330 constantes: (0.14173003 0.5936686 0.26460138)" 
" ESTADO || resultado: 330 constantes: (0.19523999 0.5589179 0.24584213)" 
" ESTADO || resultado: 340 constantes: (0.2645496 0.545592 0.18985836)" 
" ESTADO || resultado: 330 constantes: (0.17739563 0.5788989 0.24370548)" 
" ESTADO || resultado: 360 constantes: (0.24234506 0.605726 0.1519289)" 
" ESTADO || resultado: 330 constantes: (0.21165861 0.5676427 0.22069864)" 
"*************** FIM DA GERACAO 214 | MEDIA: 339.3000 | BEST: 400.0000 ***************

RES  ALTURA  PNT-1   OPORT
340 0.17856 0.48985 0.33159
330 0.19741 0.57992 0.22267
370 0.21510 0.61577 0.16913
340 0.18040 0.59991 0.21969
370 0.24067 0.58661 0.17272
330 0.19862 0.56390 0.23748
330 0.20092 0.56160 0.23748
310 0.22110 0.51690 0.26200
330 0.23135 0.53765 0.23100
330 0.22462 0.52201 0.25337
390 0.21839 0.61395 0.16766
310 0.22614 0.50591 0.26795
370 0.22857 0.59170 0.17972
390 0.19780 0.63080 0.17140
330 0.30579 0.49305 0.20116
270 0.19887 0.53267 0.26846
310 0.21811 0.51888 0.26300
390 0.19780 0.63080 0.17140
370 0.15535 0.65073 0.19391
330 0.19339 0.57111 0.23551
340 0.31594 0.50943 0.17462
330 0.22462 0.52201 0.25337
370 0.24670 0.57332 0.17998
330 0.10107 0.64374 0.25519
330 0.30476 0.49141 0.20383
340 0.17860 0.48982 0.33158
330 0.23176 0.53860 0.22964
340 0.12462 0.52201 0.35337
330 0.21099 0.55102 0.23799
330 0.21916 0.53419 0.24665
400 0.22159 0.61938 0.15903
330 0.10107 0.64374 0.25519
350 0.23325 0.66545 0.10129
330 0.02612 0.70582 0.26807
370 0.21916 0.61258 0.16825
330 0.10331 0.63583 0.26086
310 0.21822 0.51881 0.26297
330 0.22462 0.52201 0.25337
330 0.21307 0.55158 0.23534
330 0.19367 0.56737 0.23897
330 0.22462 0.52201 0.25337
330 0.19109 0.55045 0.25846
330 0.21758 0.56462 0.21779
330 0.20773 0.56164 0.23063
310 0.20778 0.52258 0.26963
340 0.21232 0.57516 0.21252
310 0.22680 0.50758 0.26563
370 0.17611 0.62207 0.20182
330 0.19821 0.53979 0.26200
330 0.18795 0.55306 0.25899
370 0.17526 0.62316 0.20158
330 0.13461 0.62312 0.24227
330 0.22813 0.53253 0.23934
330 0.20998 0.53782 0.25220
370 0.23696 0.58111 0.18192
370 0.24014 0.59288 0.16698
330 0.19034 0.57700 0.23266
330 0.19629 0.57871 0.22500
340 0.16214 0.44040 0.39746
400 0.22030 0.62159 0.15810
340 0.19297 0.59641 0.21062
330 0.19641 0.56268 0.24091
310 0.11110 0.57388 0.31502
330 0.22348 0.51937 0.25715
370 0.21755 0.59645 0.18600
400 0.20235 0.63590 0.16175
330 0.22525 0.52159 0.25316
370 0.22216 0.60316 0.17468
310 0.19479 0.53437 0.27085
330 0.19322 0.56057 0.24621
400 0.19566 0.64146 0.16289
340 0.17860 0.48982 0.33158
340 0.20849 0.58435 0.20716
370 0.21557 0.61549 0.16893
330 0.29044 0.47466 0.23490
310 0.17976 0.54495 0.27529
260 0.11650 0.55315 0.33034
330 0.21546 0.55910 0.22545
340 0.17614 0.60855 0.21531
340 0.12462 0.52201 0.35337
340 0.12462 0.52201 0.35337
330 0.17478 0.56925 0.25597
370 0.21900 0.61212 0.16888
280 0.12310 0.52784 0.34905
330 0.20252 0.55558 0.24190
330 0.19034 0.57700 0.23266
360 0.18562 0.65568 0.15870
330 0.19415 0.54837 0.25748
330 0.10408 0.63313 0.26280
330 0.23198 0.53065 0.23736
370 0.22263 0.60986 0.16751
260 0.21217 0.49634 0.29148
370 0.28051 0.56446 0.15504
370 0.20276 0.61466 0.18259
330 0.14173 0.59367 0.26460
330 0.19524 0.55892 0.24584
340 0.26455 0.54559 0.18986
330 0.17740 0.57890 0.24371
360 0.24235 0.60573 0.15193
330 0.21166 0.56764 0.22070