" ESTADO || resultado: 360 constantes: (0.17898896 0.3922591 0.42875198)" 
" ESTADO || resultado: 360 constantes: (0.34114194 0.34047735 0.3183807)" 
" ESTADO || resultado: 350 constantes: (0.40454546 0.33636364 0.2590909)" 
" ESTADO || resultado: 370 constantes: (0.16400173 0.4808724 0.35512584)" 
" ESTADO || resultado: 300 constantes: (0.74626863 0.19402985 0.05970149)" 
" ESTADO || resultado: 360 constantes: (0.20004557 0.346678 0.4532764)" 
" ESTADO || resultado: 360 constantes: (0.29515585 0.26766235 0.43718183)" 
" ESTADO || resultado: 360 constantes: (0.2779314 0.13990608 0.5821625)" 
" ESTADO || resultado: 360 constantes: (0.2561732 0.34800982 0.39581695)" 
" ESTADO || resultado: 350 constantes: (0.2507618 0.28148758 0.46775064)" 
" ESTADO || resultado: 370 constantes: (0.05024019 0.3066854 0.64307445)" 
" ESTADO || resultado: 310 constantes: (0.7422208 0.10511778 0.15266143)" 
" ESTADO || resultado: 360 constantes: (0.26874915 0.34937388 0.38187703)" 
" ESTADO || resultado: 350 constantes: (0.3916535 0.36962822 0.23871821)" 
" ESTADO || resultado: 360 constantes: (0.25946975 0.33731067 0.40321964)" 
" ESTADO || resultado: 360 constantes: (0.4220273 0.17329341 0.40467927)" 
" ESTADO || resultado: 360 constantes: (0.25637823 0.14408217 0.59953964)" 
" ESTADO || resultado: 360 constantes: (0.21904764 0.4712644 0.30968803)" 
" ESTADO || resultado: 360 constantes: (0.3704188 0.24972054 0.37986073)" 
" ESTADO || resultado: 300 constantes: (0.6260782 0.2859402 0.0879816)" 
" ESTADO || resultado: 360 constantes: (0.432131 0.21327251 0.35459653)" 
" ESTADO || resultado: 360 constantes: (0.22179532 0.29552078 0.48268393)" 
" ESTADO || resultado: 360 constantes: (0.3227327 0.29432762 0.38293967)" 
" ESTADO || resultado: 360 constantes: (0.25275046 0.5617263 0.1855233)" 
" ESTADO || resultado: 360 constantes: (0.32899386 0.27450252 0.39650363)" 
" ESTADO || resultado: 360 constantes: (0.40049553 0.38028592 0.2192186)" 
" ESTADO || resultado: 360 constantes: (0.30182865 0.35308823 0.34508318)" 
" ESTADO || resultado: 360 constantes: (0.25430256 0.36086577 0.38483164)" 
" ESTADO || resultado: 330 constantes: (0.39137724 0.47952095 0.12910178)" 
" ESTADO || resultado: 350 constantes: (0.3916535 0.36962822 0.23871821)" 
" ESTADO || resultado: 360 constantes: (0.25078487 0.33414653 0.41506863)" 
" ESTADO || resultado: 320 constantes: (0.6423797 0.22853065 0.12908964)" 
" ESTADO || resultado: 310 constantes: (0.73194414 0.10366234 0.16439353)" 
" ESTADO || resultado: 320 constantes: (0.39735308 0.43828866 0.16435824)" 
" ESTADO || resultado: 360 constantes: (0.33482605 0.27936873 0.38580516)" 
" ESTADO || resultado: 360 constantes: (0.35851216 0.26242685 0.379061)" 
" ESTADO || resultado: 320 constantes: (0.46068677 0.3439853 0.19532788)" 
" ESTADO || resultado: 360 constantes: (0.35826123 0.32205954 0.31967926)" 
" ESTADO || resultado: 320 constantes: (0.477084 0.31299904 0.20991696)" 
" ESTADO || resultado: 360 constantes: (0.25536415 0.3836038 0.3610321)" 
" ESTADO || resultado: 370 constantes: (0.0824793 0.23412077 0.6833999)" 
" ESTADO || resultado: 370 constantes: (0.033793174 0.53365415 0.43255264)" 
" ESTADO || resultado: 360 constantes: (0.36640564 0.2921721 0.34142223)" 
" ESTADO || resultado: 360 constantes: (0.26874915 0.34937388 0.38187703)" 
" ESTADO || resultado: 360 constantes: (0.26874915 0.34937388 0.38187703)" 
" ESTADO || resultado: 320 constantes: (0.4249839 0.38802317 0.18699291)" 
" ESTADO || resultado: 360 constantes: (0.47245356 0.17903504 0.34851143)" 
" ESTADO || resultado: 360 constantes: (0.3314252 0.22792323 0.4406516)" 
" ESTADO || resultado: 360 constantes: (0.22401883 0.298889 0.47709215)" 
" ESTADO || resultado: 350 constantes: (0.20739162 0.39165124 0.40095714)" 
" ESTADO || resultado: 360 constantes: (0.23431884 0.41612768 0.34955347)" 
" ESTADO || resultado: 360 constantes: (0.26536593 0.338765 0.39586908)" 
" ESTADO || resultado: 360 constantes: (0.38808993 0.084625855 0.5272842)" 
" ESTADO || resultado: 320 constantes: (0.5051186 0.31564578 0.17923562)" 
" ESTADO || resultado: 310 constantes: (0.66385114 0.17260131 0.16354755)" 
" ESTADO || resultado: 320 constantes: (0.344751 0.5186694 0.13657954)" 
" ESTADO || resultado: 360 constantes: (0.28510666 0.51992244 0.19497092)" 
" ESTADO || resultado: 300 constantes: (0.74626863 0.19402985 0.05970149)" 
" ESTADO || resultado: 360 constantes: (0.47245356 0.17903504 0.34851143)" 
" ESTADO || resultado: 350 constantes: (0.3916535 0.36962822 0.23871821)" 
" ESTADO || resultado: 350 constantes: (0.18987341 0.443038 0.36708862)" 
" ESTADO || resultado: 360 constantes: (0.3685058 0.16519226 0.46630192)" 
" ESTADO || resultado: 360 constantes: (0.23121986 0.28532046 0.48345968)" 
" ESTADO || resultado: 360 constantes: (0.4271594 0.19636257 0.376478)" 
" ESTADO || resultado: 360 constantes: (0.26874915 0.34937388 0.38187703)" 
" ESTADO || resultado: 330 constantes: (0.4434364 0.33816525 0.21839838)" 
" ESTADO || resultado: 320 constantes: (0.54042125 0.19341393 0.26616472)" 
" ESTADO || resultado: 370 constantes: (0.06907721 0.35856876 0.572354)" 
" ESTADO || resultado: 360 constantes: (0.35886195 0.1656286 0.47550943)" 
" ESTADO || resultado: 310 constantes: (0.46642035 0.4080315 0.12554815)" 
" ESTADO || resultado: 360 constantes: (0.24573277 0.4050951 0.3491721)" 
" ESTADO || resultado: 350 constantes: (0.27756935 0.24319449 0.47923616)" 
" ESTADO || resultado: 360 constantes: (0.32587582 0.49027216 0.18385206)" 
" ESTADO || resultado: 320 constantes: (0.5788088 0.20715263 0.2140385)" 
" ESTADO || resultado: 370 constantes: (0.032120924 0.5567312 0.41114783)" 
" ESTADO || resultado: 360 constantes: (0.24620417 0.38121936 0.3725765)" 
" ESTADO || resultado: 360 constantes: (0.47695196 0.18073969 0.3423084)" 
" ESTADO || resultado: 370 constantes: (0.033353545 0.37232864 0.5943178)" 
" ESTADO || resultado: 360 constantes: (0.27541053 0.41434836 0.3102411)" 
" ESTADO || resultado: 360 constantes: (0.2698959 0.446255 0.28384915)" 
" ESTADO || resultado: 360 constantes: (0.25602433 0.44895083 0.29502484)" 
" ESTADO || resultado: 360 constantes: (0.4248366 0.19607843 0.37908497)" 
" ESTADO || resultado: 360 constantes: (0.2594203 0.5072464 0.23333335)" 
" ESTADO || resultado: 360 constantes: (0.22098002 0.332459 0.44656098)" 
" ESTADO || resultado: 360 constantes: (0.24676639 0.21620624 0.5370274)" 
" ESTADO || resultado: 360 constantes: (0.44448137 0.20863412 0.34688452)" 
" ESTADO || resultado: 360 constantes: (0.22210573 0.49877992 0.2791143)" 
" ESTADO || resultado: 360 constantes: (0.24573277 0.4050951 0.3491721)" 
" ESTADO || resultado: 360 constantes: (0.2407164 0.25596744 0.5033161)" 
" ESTADO || resultado: 320 constantes: (0.48102057 0.29150885 0.22747059)" 
" ESTADO || resultado: 360 constantes: (0.1594203 0.5072464 0.33333334)" 
" ESTADO || resultado: 360 constantes: (0.32899386 0.27450252 0.39650363)" 
" ESTADO || resultado: 350 constantes: (0.2485706 0.287766 0.46366334)" 
" ESTADO || resultado: 330 constantes: (0.3913773 0.47952098 0.1291018)" 
" ESTADO || resultado: 350 constantes: (0.25166056 0.27891234 0.46942708)" 
" ESTADO || resultado: 350 constantes: (0.39975026 0.3565965 0.24365328)" 
" ESTADO || resultado: 360 constantes: (0.31840408 0.22944814 0.45214775)" 
" ESTADO || resultado: 360 constantes: (0.35617784 0.30760255 0.3362196)" 
" ESTADO || resultado: 360 constantes: (0.39135578 0.25412783 0.3545164)" 
" ESTADO || resultado: 350 constantes: (0.3916535 0.36962822 0.23871821)" 
"*************** FIM DA GERACAO 3 | MEDIA: 350.8000 | BEST: 370.0000 ***************

RES  ALTURA  PNT-1   OPORT
360 0.17899 0.39226 0.42875
360 0.34114 0.34048 0.31838
350 0.40455 0.33636 0.25909
370 0.16400 0.48087 0.35513
300 0.74627 0.19403 0.05970
360 0.20005 0.34668 0.45328
360 0.29516 0.26766 0.43718
360 0.27793 0.13991 0.58216
360 0.25617 0.34801 0.39582
350 0.25076 0.28149 0.46775
370 0.05024 0.30669 0.64307
310 0.74222 0.10512 0.15266
360 0.26875 0.34937 0.38188
350 0.39165 0.36963 0.23872
360 0.25947 0.33731 0.40322
360 0.42203 0.17329 0.40468
360 0.25638 0.14408 0.59954
360 0.21905 0.47126 0.30969
360 0.37042 0.24972 0.37986
300 0.62608 0.28594 0.08798
360 0.43213 0.21327 0.35460
360 0.22180 0.29552 0.48268
360 0.32273 0.29433 0.38294
360 0.25275 0.56173 0.18552
360 0.32899 0.27450 0.39650
360 0.40050 0.38029 0.21922
360 0.30183 0.35309 0.34508
360 0.25430 0.36087 0.38483
330 0.39138 0.47952 0.12910
350 0.39165 0.36963 0.23872
360 0.25078 0.33415 0.41507
320 0.64238 0.22853 0.12909
310 0.73194 0.10366 0.16439
320 0.39735 0.43829 0.16436
360 0.33483 0.27937 0.38581
360 0.35851 0.26243 0.37906
320 0.46069 0.34399 0.19533
360 0.35826 0.32206 0.31968
320 0.47708 0.31300 0.20992
360 0.25536 0.38360 0.36103
370 0.08248 0.23412 0.68340
370 0.03379 0.53365 0.43255
360 0.36641 0.29217 0.34142
360 0.26875 0.34937 0.38188
360 0.26875 0.34937 0.38188
320 0.42498 0.38802 0.18699
360 0.47245 0.17904 0.34851
360 0.33143 0.22792 0.44065
360 0.22402 0.29889 0.47709
350 0.20739 0.39165 0.40096
360 0.23432 0.41613 0.34955
360 0.26537 0.33876 0.39587
360 0.38809 0.08463 0.52728
320 0.50512 0.31565 0.17924
310 0.66385 0.17260 0.16355
320 0.34475 0.51867 0.13658
360 0.28511 0.51992 0.19497
300 0.74627 0.19403 0.05970
360 0.47245 0.17904 0.34851
350 0.39165 0.36963 0.23872
350 0.18987 0.44304 0.36709
360 0.36851 0.16519 0.46630
360 0.23122 0.28532 0.48346
360 0.42716 0.19636 0.37648
360 0.26875 0.34937 0.38188
330 0.44344 0.33817 0.21840
320 0.54042 0.19341 0.26616
370 0.06908 0.35857 0.57235
360 0.35886 0.16563 0.47551
310 0.46642 0.40803 0.12555
360 0.24573 0.40510 0.34917
350 0.27757 0.24319 0.47924
360 0.32588 0.49027 0.18385
320 0.57881 0.20715 0.21404
370 0.03212 0.55673 0.41115
360 0.24620 0.38122 0.37258
360 0.47695 0.18074 0.34231
370 0.03335 0.37233 0.59432
360 0.27541 0.41435 0.31024
360 0.26990 0.44626 0.28385
360 0.25602 0.44895 0.29502
360 0.42484 0.19608 0.37908
360 0.25942 0.50725 0.23333
360 0.22098 0.33246 0.44656
360 0.24677 0.21621 0.53703
360 0.44448 0.20863 0.34688
360 0.22211 0.49878 0.27911
360 0.24573 0.40510 0.34917
360 0.24072 0.25597 0.50332
320 0.48102 0.29151 0.22747
360 0.15942 0.50725 0.33333
360 0.32899 0.27450 0.39650
350 0.24857 0.28777 0.46366
330 0.39138 0.47952 0.12910
350 0.25166 0.27891 0.46943
350 0.39975 0.35660 0.24365
360 0.31840 0.22945 0.45215
360 0.35618 0.30760 0.33622
360 0.39136 0.25413 0.35452
350 0.39165 0.36963 0.23872