" ESTADO || resultado: 300 constantes: (0.4232082 0.5017065 0.07508533)" 
" ESTADO || resultado: 360 constantes: (0.48852158 0.1218243 0.38965413)" 
" ESTADO || resultado: 370 constantes: (0.32196632 0.39575028 0.28228343)" 
" ESTADO || resultado: 380 constantes: (0.2904628 0.067118384 0.6424188)" 
" ESTADO || resultado: 380 constantes: (0.16582082 0.4369765 0.39720267)" 
" ESTADO || resultado: 290 constantes: (0.827384 0.100538045 0.07207792)" 
" ESTADO || resultado: 310 constantes: (0.43785852 0.46179888 0.10034258)" 
" ESTADO || resultado: 290 constantes: (0.81465 0.08386103 0.101488896)" 
" ESTADO || resultado: 350 constantes: (0.33070287 0.0510265 0.6182706)" 
" ESTADO || resultado: 300 constantes: (0.27551022 0.6836735 0.04081633)" 
" ESTADO || resultado: 350 constantes: (0.30882975 0.10164269 0.5895276)" 
" ESTADO || resultado: 360 constantes: (0.48260364 0.16726787 0.35012853)" 
" ESTADO || resultado: 360 constantes: (0.32877856 0.40898135 0.26224005)" 
" ESTADO || resultado: 370 constantes: (0.081775434 0.64493185 0.2732927)" 
" ESTADO || resultado: 360 constantes: (0.53954875 0.05554178 0.4049095)" 
" ESTADO || resultado: 370 constantes: (0.37733755 0.39052954 0.23213294)" 
" ESTADO || resultado: 370 constantes: (0.32199067 0.2039676 0.47404176)" 
" ESTADO || resultado: 350 constantes: (0.17070559 0.48163357 0.34766087)" 
" ESTADO || resultado: 380 constantes: (0.26702738 0.17457995 0.55839264)" 
" ESTADO || resultado: 360 constantes: (0.29015476 0.49741048 0.21243472)" 
" ESTADO || resultado: 360 constantes: (0.0 0.12062466 0.87937534)" 
" ESTADO || resultado: 360 constantes: (0.48852158 0.1218243 0.38965413)" 
" ESTADO || resultado: 370 constantes: (0.10174284 0.79362977 0.10462734)" 
" ESTADO || resultado: 350 constantes: (0.17460522 0.49895892 0.32643586)" 
" ESTADO || resultado: 370 constantes: (0.3182437 0.37727278 0.30448347)" 
" ESTADO || resultado: 380 constantes: (0.24578977 0.16713603 0.5870742)" 
" ESTADO || resultado: 360 constantes: (0.42252046 0.42902076 0.14845881)" 
" ESTADO || resultado: 360 constantes: (0.38161644 0.32393408 0.29444945)" 
" ESTADO || resultado: 370 constantes: (0.27389443 0.45192584 0.27417973)" 
" ESTADO || resultado: 340 constantes: (0.40636006 0.4817333 0.11190666)" 
" ESTADO || resultado: 360 constantes: (0.3951196 0.4443631 0.16051733)" 
" ESTADO || resultado: 360 constantes: (0.43063313 0.3543722 0.21499473)" 
" ESTADO || resultado: 360 constantes: (0.6168029 0.09738992 0.28580716)" 
" ESTADO || resultado: 370 constantes: (0.4028469 0.0636074 0.5335457)" 
" ESTADO || resultado: 360 constantes: (0.5727939 0.10693427 0.32027185)" 
" ESTADO || resultado: 370 constantes: (0.25586513 0.4112118 0.33292308)" 
" ESTADO || resultado: 360 constantes: (0.28395805 0.38776976 0.32827222)" 
" ESTADO || resultado: 370 constantes: (0.47887325 0.049295776 0.471831)" 
" ESTADO || resultado: 350 constantes: (0.17455178 0.49248537 0.33296284)" 
" ESTADO || resultado: 370 constantes: (0.29162648 0.29611304 0.41226053)" 
" ESTADO || resultado: 350 constantes: (0.21396708 0.3921761 0.39385682)" 
" ESTADO || resultado: 370 constantes: (0.30504724 0.3906426 0.30431017)" 
" ESTADO || resultado: 360 constantes: (0.40452382 0.10087749 0.49459863)" 
" ESTADO || resultado: 370 constantes: (0.40062383 0.22189772 0.37747842)" 
" ESTADO || resultado: 350 constantes: (0.21110651 0.386933 0.40196052)" 
" ESTADO || resultado: 350 constantes: (0.30760917 0.117295474 0.57509536)" 
" ESTADO || resultado: 370 constantes: (0.20688102 0.5133714 0.2797476)" 
" ESTADO || resultado: 360 constantes: (0.42278844 0.25538754 0.32182404)" 
" ESTADO || resultado: 370 constantes: (0.23665868 0.43032083 0.3330205)" 
" ESTADO || resultado: 370 constantes: (0.26305032 0.3990923 0.33785746)" 
" ESTADO || resultado: 360 constantes: (0.26913798 0.54297155 0.18789047)" 
" ESTADO || resultado: 370 constantes: (0.18933308 0.53192663 0.27874035)" 
" ESTADO || resultado: 380 constantes: (0.2553931 0.10950102 0.6351059)" 
" ESTADO || resultado: 350 constantes: (0.2974114 0.20236243 0.50022614)" 
" ESTADO || resultado: 360 constantes: (0.6274975 0.15921578 0.21328671)" 
" ESTADO || resultado: 360 constantes: (0.3580961 0.24732405 0.3945799)" 
" ESTADO || resultado: 380 constantes: (0.18574256 0.3404439 0.47381362)" 
" ESTADO || resultado: 290 constantes: (0.8627386 0.0621035 0.07515786)" 
" ESTADO || resultado: 360 constantes: (0.0 0.67604023 0.32395983)" 
" ESTADO || resultado: 360 constantes: (0.0 0.24578422 0.7542158)" 
" ESTADO || resultado: 350 constantes: (0.30760917 0.117295474 0.57509536)" 
" ESTADO || resultado: 360 constantes: (0.5303371 0.17677903 0.2928839)" 
" ESTADO || resultado: 360 constantes: (0.48852158 0.1218243 0.38965413)" 
" ESTADO || resultado: 340 constantes: (0.41479295 0.468987 0.116220005)" 
" ESTADO || resultado: 360 constantes: (0.5246217 0.054005176 0.42137307)" 
" ESTADO || resultado: 380 constantes: (0.26784995 0.092384584 0.6397655)" 
" ESTADO || resultado: 370 constantes: (0.23933275 0.5561685 0.20449872)" 
" ESTADO || resultado: 380 constantes: (0.15839086 0.44547433 0.39613482)" 
" ESTADO || resultado: 370 constantes: (0.32121113 0.20980747 0.46898142)" 
" ESTADO || resultado: 370 constantes: (0.37760475 0.25692698 0.3654683)" 
" ESTADO || resultado: 360 constantes: (0.32875368 0.421001 0.25024533)" 
" ESTADO || resultado: 350 constantes: (0.1948264 0.4409329 0.36424065)" 
" ESTADO || resultado: 380 constantes: (0.17134736 0.40254977 0.42610288)" 
" ESTADO || resultado: 380 constantes: (0.2632164 0.07848053 0.658303)" 
" ESTADO || resultado: 370 constantes: (0.3285032 0.38943523 0.28206155)" 
" ESTADO || resultado: 360 constantes: (0.3415914 0.29131323 0.36709544)" 
" ESTADO || resultado: 360 constantes: (0.58508015 0.09180357 0.32311627)" 
" ESTADO || resultado: 360 constantes: (0.53010577 0.2351597 0.23473455)" 
" ESTADO || resultado: 290 constantes: (0.5221619 0.4095962 0.068241864)" 
" ESTADO || resultado: 370 constantes: (0.1863354 0.5590062 0.25465837)" 
" ESTADO || resultado: 360 constantes: (0.0 0.48048246 0.5195175)" 
" ESTADO || resultado: 380 constantes: (0.19355004 0.325134 0.48131594)" 
" ESTADO || resultado: 360 constantes: (0.0 0.106517754 0.89348227)" 
" ESTADO || resultado: 360 constantes: (0.39741218 0.3750488 0.22753905)" 
" ESTADO || resultado: 360 constantes: (0.3577249 0.19813685 0.44413826)" 
" ESTADO || resultado: 380 constantes: (0.26542783 0.11380346 0.6207687)" 
" ESTADO || resultado: 380 constantes: (0.2553931 0.10950102 0.6351059)" 
" ESTADO || resultado: 350 constantes: (0.3159311 0.08251558 0.6015533)" 
" ESTADO || resultado: 360 constantes: (0.42849556 0.3319156 0.2395889)" 
" ESTADO || resultado: 360 constantes: (0.60465586 0.05725698 0.33808714)" 
" ESTADO || resultado: 380 constantes: (0.17211439 0.37754497 0.4503406)" 
" ESTADO || resultado: 370 constantes: (0.33349702 0.13782485 0.52867806)" 
" ESTADO || resultado: 370 constantes: (0.4247276 0.15679081 0.4184816)" 
" ESTADO || resultado: 310 constantes: (0.6821514 0.17308319 0.1447654)" 
" ESTADO || resultado: 360 constantes: (0.30664742 0.4414636 0.25188896)" 
" ESTADO || resultado: 360 constantes: (0.40683338 0.45241517 0.14075138)" 
" ESTADO || resultado: 360 constantes: (0.47827545 0.27330026 0.24842432)" 
" ESTADO || resultado: 360 constantes: (0.349345 0.38848576 0.26216927)" 
" ESTADO || resultado: 360 constantes: (0.45648056 0.35807422 0.18544522)" 
" ESTADO || resultado: 360 constantes: (0.0 0.86982244 0.13017751)" 
"*************** FIM DA GERACAO 3 | MEDIA: 358.6000 | BEST: 380.0000 ***************

RES  ALTURA  PNT-1   OPORT
300 0.42321 0.50171 0.07509
360 0.48852 0.12182 0.38965
370 0.32197 0.39575 0.28228
380 0.29046 0.06712 0.64242
380 0.16582 0.43698 0.39720
290 0.82738 0.10054 0.07208
310 0.43786 0.46180 0.10034
290 0.81465 0.08386 0.10149
350 0.33070 0.05103 0.61827
300 0.27551 0.68367 0.04082
350 0.30883 0.10164 0.58953
360 0.48260 0.16727 0.35013
360 0.32878 0.40898 0.26224
370 0.08178 0.64493 0.27329
360 0.53955 0.05554 0.40491
370 0.37734 0.39053 0.23213
370 0.32199 0.20397 0.47404
350 0.17071 0.48163 0.34766
380 0.26703 0.17458 0.55839
360 0.29015 0.49741 0.21243
360 0.00000 0.12062 0.87938
360 0.48852 0.12182 0.38965
370 0.10174 0.79363 0.10463
350 0.17461 0.49896 0.32644
370 0.31824 0.37727 0.30448
380 0.24579 0.16714 0.58707
360 0.42252 0.42902 0.14846
360 0.38162 0.32393 0.29445
370 0.27389 0.45193 0.27418
340 0.40636 0.48173 0.11191
360 0.39512 0.44436 0.16052
360 0.43063 0.35437 0.21499
360 0.61680 0.09739 0.28581
370 0.40285 0.06361 0.53355
360 0.57279 0.10693 0.32027
370 0.25587 0.41121 0.33292
360 0.28396 0.38777 0.32827
370 0.47887 0.04930 0.47183
350 0.17455 0.49249 0.33296
370 0.29163 0.29611 0.41226
350 0.21397 0.39218 0.39386
370 0.30505 0.39064 0.30431
360 0.40452 0.10088 0.49460
370 0.40062 0.22190 0.37748
350 0.21111 0.38693 0.40196
350 0.30761 0.11730 0.57510
370 0.20688 0.51337 0.27975
360 0.42279 0.25539 0.32182
370 0.23666 0.43032 0.33302
370 0.26305 0.39909 0.33786
360 0.26914 0.54297 0.18789
370 0.18933 0.53193 0.27874
380 0.25539 0.10950 0.63511
350 0.29741 0.20236 0.50023
360 0.62750 0.15922 0.21329
360 0.35810 0.24732 0.39458
380 0.18574 0.34044 0.47381
290 0.86274 0.06210 0.07516
360 0.00000 0.67604 0.32396
360 0.00000 0.24578 0.75422
350 0.30761 0.11730 0.57510
360 0.53034 0.17678 0.29288
360 0.48852 0.12182 0.38965
340 0.41479 0.46899 0.11622
360 0.52462 0.05401 0.42137
380 0.26785 0.09238 0.63977
370 0.23933 0.55617 0.20450
380 0.15839 0.44547 0.39613
370 0.32121 0.20981 0.46898
370 0.37760 0.25693 0.36547
360 0.32875 0.42100 0.25025
350 0.19483 0.44093 0.36424
380 0.17135 0.40255 0.42610
380 0.26322 0.07848 0.65830
370 0.32850 0.38944 0.28206
360 0.34159 0.29131 0.36710
360 0.58508 0.09180 0.32312
360 0.53011 0.23516 0.23473
290 0.52216 0.40960 0.06824
370 0.18634 0.55901 0.25466
360 0.00000 0.48048 0.51952
380 0.19355 0.32513 0.48132
360 0.00000 0.10652 0.89348
360 0.39741 0.37505 0.22754
360 0.35772 0.19814 0.44414
380 0.26543 0.11380 0.62077
380 0.25539 0.10950 0.63511
350 0.31593 0.08252 0.60155
360 0.42850 0.33192 0.23959
360 0.60466 0.05726 0.33809
380 0.17211 0.37754 0.45034
370 0.33350 0.13782 0.52868
370 0.42473 0.15679 0.41848
310 0.68215 0.17308 0.14477
360 0.30665 0.44146 0.25189
360 0.40683 0.45242 0.14075
360 0.47828 0.27330 0.24842
360 0.34935 0.38849 0.26217
360 0.45648 0.35807 0.18545
360 0.00000 0.86982 0.13018